data_20251211_213722_514819.jsonl: 2.419500: 2228
data_20251211_213528_851515.jsonl: 2.421515: 3808
data_20251211_213320_065283.jsonl: 2.420045: 2655
data_20251211_213131_017949.jsonl: 2.420396: 2931
data_20251211_212938_491987.jsonl: 2.418279: 1270
dataset_000.jsonl: 2.442655: 20389
dataset_001.jsonl: 2.438149: 16855
